easting0 [km], northing0 [km], easting1 [km], northing1 [km]
2.6094992e+02, 6.0155264e+02, 2.6596304e+02, 5.9141046e+02
2.4581166e+02, 6.0273509e+02, 2.4644218e+02, 6.0515539e+02
2.5694356e+02, 5.8964275e+02, 2.5756462e+02, 5.8596713e+02
2.3480327e+02, 6.0118621e+02, 2.3502056e+02, 5.9806415e+02
2.3559682e+02, 5.9095111e+02, 2.3853263e+02, 5.9002143e+02
2.5840785e+02, 5.8095223e+02, 2.5926733e+02, 5.7882498e+02
2.5157120e+02, 5.8940508e+02, 2.5172591e+02, 5.8711523e+02
2.4260001e+02, 5.9571588e+02, 2.4364607e+02, 5.9334849e+02
2.5070554e+02, 5.8296269e+02, 2.5616117e+02, 5.8136133e+02
2.5436234e+02, 5.7426840e+02, 2.5826990e+02, 5.7308484e+02
2.3277153e+02, 6.0766747e+02, 2.3495364e+02, 6.0201014e+02
2.3604404e+02, 6.1511920e+02, 2.4080926e+02, 6.0498410e+02
2.3274137e+02, 5.9820768e+02, 2.3396968e+02, 5.9489499e+02
2.6503932e+02, 5.7439969e+02, 2.6811901e+02, 5.7408260e+02
2.4598876e+02, 5.8338569e+02, 2.5057728e+02, 5.8307485e+02
2.3171204e+02, 5.7194194e+02, 2.3842546e+02, 5.7172447e+02
2.5281888e+02, 5.8988411e+02, 2.5588957e+02, 5.8208073e+02
2.5776884e+02, 6.0672791e+02, 2.6154125e+02, 6.0740078e+02
2.6416849e+02, 5.9207121e+02, 2.6761155e+02, 5.9096454e+02
2.3762620e+02, 5.8031440e+02, 2.4016874e+02, 5.8070331e+02
2.3619442e+02, 5.8058178e+02, 2.3610164e+02, 5.7819888e+02
2.5732108e+02, 5.8757768e+02, 2.5858207e+02, 5.8120120e+02
2.6467336e+02, 5.6968794e+02, 2.6830241e+02, 5.6812546e+02
2.5143776e+02, 5.9626029e+02, 2.5290981e+02, 5.9262966e+02
2.5826331e+02, 6.0693251e+02, 2.5985534e+02, 6.0876612e+02
2.3907833e+02, 5.7023666e+02, 2.4142672e+02, 5.6979038e+02
2.3810044e+02, 5.8712391e+02, 2.4086700e+02, 5.8716004e+02
2.4550833e+02, 5.9230239e+02, 2.4770380e+02, 5.9013276e+02
2.3192667e+02, 5.8421616e+02, 2.3636105e+02, 5.8567608e+02
2.6400083e+02, 5.9212944e+02, 2.6646987e+02, 5.8878592e+02
2.6008827e+02, 6.1197652e+02, 2.6131368e+02, 6.1009837e+02
2.4949701e+02, 5.9132123e+02, 2.5088965e+02, 5.7962894e+02
2.3227004e+02, 6.0295821e+02, 2.3379211e+02, 6.0123485e+02
2.3325260e+02, 6.0352163e+02, 2.3413994e+02, 5.9888882e+02
2.4534548e+02, 5.8020117e+02, 2.4765698e+02, 5.7991546e+02
2.5150603e+02, 5.8273868e+02, 2.5482193e+02, 5.8169221e+02
2.4966301e+02, 5.8966718e+02, 2.5235135e+02, 5.8940362e+02
2.4607131e+02, 6.0818930e+02, 2.5147872e+02, 6.0370122e+02
2.6591037e+02, 5.7902816e+02, 2.6787824e+02, 5.7850567e+02
2.6653084e+02, 5.8114661e+02, 2.6862180e+02, 5.7720719e+02
2.4862169e+02, 5.9733881e+02, 2.5242905e+02, 5.9772823e+02
2.6185063e+02, 5.7384249e+02, 2.6336678e+02, 5.7151803e+02
2.3953530e+02, 5.8948265e+02, 2.4439146e+02, 5.8329491e+02
2.3830521e+02, 5.7022736e+02, 2.4437356e+02, 5.7161192e+02
2.6278906e+02, 5.7062038e+02, 2.6280522e+02, 5.6732743e+02
2.5364069e+02, 5.6894614e+02, 2.5416606e+02, 5.7150185e+02
2.3796417e+02, 5.7880458e+02, 2.3998242e+02, 5.7870682e+02
2.4828933e+02, 5.7036840e+02, 2.4951933e+02, 5.7319343e+02
2.4306116e+02, 5.8743927e+02, 2.4690842e+02, 5.8753934e+02
2.5788010e+02, 5.7324657e+02, 2.5792014e+02, 5.7044829e+02
2.4433683e+02, 6.0737755e+02, 2.4603761e+02, 6.0427548e+02
2.5770621e+02, 5.7875498e+02, 2.5971246e+02, 5.7874109e+02
2.5463338e+02, 5.8889617e+02, 2.5502648e+02, 5.9149023e+02
2.3808449e+02, 5.9462442e+02, 2.4323643e+02, 5.9603720e+02
2.6305325e+02, 5.7688155e+02, 2.6520474e+02, 5.7651365e+02
2.3434593e+02, 6.0231772e+02, 2.3431243e+02, 5.9866493e+02
2.6424126e+02, 5.6814672e+02, 2.6481356e+02, 5.6579379e+02
2.4736782e+02, 5.7300921e+02, 2.4736859e+02, 5.6936331e+02
2.5034852e+02, 6.1508216e+02, 2.5196824e+02, 6.1154448e+02
2.4863223e+02, 5.8878285e+02, 2.4920290e+02, 5.8678815e+02
2.3590598e+02, 6.1233228e+02, 2.3683212e+02, 6.0864405e+02
2.3461457e+02, 5.7461942e+02, 2.4491659e+02, 5.7573856e+02
2.3707763e+02, 6.1109469e+02, 2.4231967e+02, 5.9583849e+02
2.5437262e+02, 5.9005478e+02, 2.5499093e+02, 5.9267250e+02
2.3470851e+02, 5.9530567e+02, 2.3714507e+02, 5.9348813e+02
2.6379488e+02, 5.7902039e+02, 2.6378924e+02, 5.7674123e+02
2.5895421e+02, 5.9188660e+02, 2.6154423e+02, 5.9214870e+02
2.5328078e+02, 5.8595957e+02, 2.5377936e+02, 5.8366807e+02
2.5775124e+02, 6.1256644e+02, 2.6002519e+02, 6.1229078e+02
2.6003874e+02, 6.1498520e+02, 2.6063417e+02, 6.0730171e+02
2.4285423e+02, 5.8453687e+02, 2.4443427e+02, 5.8330534e+02
2.4287648e+02, 5.9788498e+02, 2.5018611e+02, 5.9222438e+02
2.6112534e+02, 5.7967499e+02, 2.6293163e+02, 5.7258076e+02
2.4793757e+02, 5.7382009e+02, 2.4996112e+02, 5.7359601e+02
2.3830116e+02, 5.7186414e+02, 2.4061165e+02, 5.7273439e+02
2.6481410e+02, 5.7417501e+02, 2.6475017e+02, 5.7019685e+02
2.5283500e+02, 5.6995714e+02, 2.5349133e+02, 5.7284666e+02
2.6347747e+02, 5.9219128e+02, 2.6612583e+02, 5.9187201e+02
2.6318456e+02, 5.9242324e+02, 2.6461457e+02, 5.9046182e+02
2.5581167e+02, 5.6754947e+02, 2.5878018e+02, 5.6843604e+02
2.4523891e+02, 6.0219282e+02, 2.4755557e+02, 5.9722980e+02
2.5489238e+02, 5.9928674e+02, 2.6012363e+02, 5.9762088e+02
2.6183934e+02, 5.8347244e+02, 2.6544404e+02, 5.8376096e+02
2.6398286e+02, 5.7908457e+02, 2.6550003e+02, 5.8286499e+02
2.5898086e+02, 5.6934669e+02, 2.6064762e+02, 5.6807788e+02
2.4649158e+02, 5.8270733e+02, 2.5047928e+02, 5.8243521e+02
2.6175449e+02, 5.8223252e+02, 2.6138817e+02, 5.7969284e+02
2.4301155e+02, 5.7749170e+02, 2.4411205e+02, 5.7569958e+02
2.5313490e+02, 5.8990622e+02, 2.5657190e+02, 5.8700177e+02
2.4329817e+02, 5.8397457e+02, 2.4541236e+02, 5.7378803e+02
2.5308258e+02, 5.9594526e+02, 2.5960661e+02, 5.8851933e+02
2.6007240e+02, 6.0365708e+02, 2.6289817e+02, 6.0426391e+02
2.4357813e+02, 5.6995684e+02, 2.4559427e+02, 5.7016118e+02
2.4323925e+02, 6.1546194e+02, 2.4318683e+02, 6.1300737e+02
2.6528998e+02, 5.8568672e+02, 2.6628895e+02, 5.7848354e+02
2.6083373e+02, 5.9515852e+02, 2.6094893e+02, 5.9252482e+02
2.6624039e+02, 5.6895828e+02, 2.6705467e+02, 5.6557345e+02
2.6255573e+02, 5.7890694e+02, 2.6579957e+02, 5.7913589e+02
2.3383530e+02, 5.9469156e+02, 2.3478439e+02, 5.9236507e+02
2.3648443e+02, 5.8933772e+02, 2.3813768e+02, 5.8820944e+02
2.5219285e+02, 5.8884198e+02, 2.5269721e+02, 5.8599050e+02
2.4814195e+02, 5.9749344e+02, 2.5159697e+02, 5.9424914e+02
2.5077940e+02, 5.7473882e+02, 2.5414104e+02, 5.7499400e+02
2.4823129e+02, 5.7314225e+02, 2.4822507e+02, 5.6941864e+02
2.5902577e+02, 5.9875659e+02, 2.6186477e+02, 5.9881110e+02
2.3457083e+02, 5.8953445e+02, 2.3796886e+02, 5.8488204e+02
2.2986200e+02, 6.0931167e+02, 2.3268161e+02, 6.0344573e+02
2.5457957e+02, 6.0082657e+02, 2.5671724e+02, 5.9984388e+02
2.5377122e+02, 5.8121693e+02, 2.5401875e+02, 5.7907164e+02
2.6492039e+02, 5.7407161e+02, 2.6546344e+02, 5.7883672e+02
2.5210134e+02, 6.1435501e+02, 2.6543982e+02, 5.9699066e+02
2.4284257e+02, 6.0182864e+02, 2.4664415e+02, 5.9494673e+02
2.5404155e+02, 5.8017060e+02, 2.5639178e+02, 5.7999708e+02
2.5126223e+02, 5.7775550e+02, 2.5311859e+02, 5.7524909e+02
2.3450321e+02, 5.8828839e+02, 2.3518312e+02, 5.8558937e+02
2.3650925e+02, 5.8917215e+02, 2.3915275e+02, 5.8717998e+02
2.4033628e+02, 5.7681677e+02, 2.4439069e+02, 5.7792834e+02
2.5144030e+02, 6.1175865e+02, 2.5409820e+02, 6.1099647e+02
2.6307113e+02, 5.8761321e+02, 2.6389975e+02, 5.9134603e+02
2.5661476e+02, 6.0761094e+02, 2.5753093e+02, 6.1261484e+02
2.3633000e+02, 6.1225403e+02, 2.3655876e+02, 6.0997116e+02
2.3896275e+02, 5.8705973e+02, 2.4126554e+02, 5.8570571e+02
2.3871016e+02, 5.8702356e+02, 2.4103539e+02, 5.8528243e+02
2.3843698e+02, 6.1273564e+02, 2.4886810e+02, 5.9359573e+02
2.6560993e+02, 5.7659128e+02, 2.6840876e+02, 5.7588664e+02
2.3489525e+02, 5.9151698e+02, 2.3578873e+02, 5.8955489e+02
2.4249210e+02, 6.1111947e+02, 2.5432728e+02, 6.0967420e+02
2.3210899e+02, 5.7942218e+02, 2.3657497e+02, 5.8213074e+02
2.3576091e+02, 6.0504993e+02, 2.3572221e+02, 6.0280010e+02
2.5303642e+02, 5.9379067e+02, 2.5370575e+02, 5.8937047e+02
2.5915843e+02, 5.8265612e+02, 2.6043547e+02, 5.7874993e+02
2.5669026e+02, 5.8902809e+02, 2.5638366e+02, 5.8598997e+02
2.6594161e+02, 5.8278980e+02, 2.6839472e+02, 5.8294485e+02
2.4034783e+02, 5.8558166e+02, 2.4147805e+02, 5.7733155e+02
2.5877821e+02, 5.9204574e+02, 2.6038242e+02, 5.8995825e+02
2.3449340e+02, 6.0807081e+02, 2.3834681e+02, 5.9562619e+02
2.3181303e+02, 6.0514966e+02, 2.3229669e+02, 6.0305729e+02
2.3965041e+02, 5.8483097e+02, 2.3978486e+02, 5.8066514e+02
2.3167709e+02, 6.1311155e+02, 2.3389677e+02, 6.0682728e+02
2.5288882e+02, 5.7929184e+02, 2.5305933e+02, 5.7699637e+02
2.6385530e+02, 5.9482012e+02, 2.6437716e+02, 5.9228706e+02
2.3455072e+02, 5.9264588e+02, 2.3935971e+02, 5.8503031e+02
2.2880897e+02, 5.9986060e+02, 2.2924809e+02, 5.9569400e+02
2.4523690e+02, 5.8413588e+02, 2.4888806e+02, 5.7992578e+02
2.5871838e+02, 5.7432200e+02, 2.6226413e+02, 5.7402026e+02
2.3087879e+02, 5.9500837e+02, 2.3153334e+02, 5.9203127e+02
2.6067522e+02, 5.8718048e+02, 2.6195134e+02, 5.8248215e+02
2.6703407e+02, 5.8280653e+02, 2.6690578e+02, 5.8054315e+02
2.5435008e+02, 5.7163011e+02, 2.5635711e+02, 5.7144383e+02
2.2815955e+02, 6.0278949e+02, 2.3551048e+02, 5.9544687e+02
2.2857856e+02, 5.9215254e+02, 2.3148829e+02, 5.8982233e+02
2.3515328e+02, 6.0818718e+02, 2.3635000e+02, 6.1050075e+02
2.3435762e+02, 6.0615832e+02, 2.3511042e+02, 6.0412240e+02
2.5851761e+02, 5.8441557e+02, 2.6151740e+02, 5.8440795e+02
2.4433086e+02, 5.8375257e+02, 2.4558721e+02, 5.7873079e+02
2.4390734e+02, 6.0273759e+02, 2.4631823e+02, 6.0166449e+02
2.4233572e+02, 6.1295008e+02, 2.4246275e+02, 6.1066664e+02
2.5538690e+02, 6.1292947e+02, 2.5589844e+02, 6.1504775e+02
2.5355956e+02, 5.9513561e+02, 2.5448839e+02, 5.9291655e+02
2.2820054e+02, 5.8825024e+02, 2.3385317e+02, 5.9082856e+02
2.4474049e+02, 5.8141402e+02, 2.4732451e+02, 5.8088359e+02
2.3502717e+02, 5.8533725e+02, 2.3584764e+02, 5.8200683e+02
2.4831088e+02, 5.7970248e+02, 2.5351202e+02, 5.7925554e+02
2.3894724e+02, 6.0176325e+02, 2.4028119e+02, 5.9692890e+02
2.4110189e+02, 5.8260844e+02, 2.4383720e+02, 5.8207330e+02
2.3962752e+02, 6.1080379e+02, 2.4419526e+02, 6.1047103e+02
2.5072415e+02, 5.8948809e+02, 2.5085857e+02, 5.8642967e+02
2.3649197e+02, 5.7483363e+02, 2.3724970e+02, 5.7723424e+02
2.5649320e+02, 6.1504092e+02, 2.5630368e+02, 6.1276293e+02
2.4475532e+02, 5.8276879e+02, 2.4771463e+02, 5.8093737e+02
2.5968975e+02, 5.7030776e+02, 2.6057974e+02, 5.7325272e+02
2.6530237e+02, 5.7654084e+02, 2.6796168e+02, 5.7687491e+02
2.3165787e+02, 5.7013514e+02, 2.3797048e+02, 5.7069093e+02
2.5388368e+02, 5.7730181e+02, 2.5443082e+02, 5.7411210e+02
2.6108524e+02, 5.9883889e+02, 2.6281533e+02, 5.9383591e+02
2.6724095e+02, 5.8009191e+02, 2.6776953e+02, 5.8277483e+02
2.5134810e+02, 5.7314178e+02, 2.5160948e+02, 5.6902044e+02
2.6426761e+02, 5.7905537e+02, 2.6455732e+02, 5.7663524e+02
2.3293606e+02, 5.8289501e+02, 2.3537550e+02, 5.8339835e+02
2.6455100e+02, 5.7500919e+02, 2.6449246e+02, 5.6833835e+02
2.6095803e+02, 5.6802292e+02, 2.6447454e+02, 5.6655518e+02
2.6815939e+02, 5.7267109e+02, 2.6833017e+02, 5.6564090e+02
2.3691853e+02, 6.0450805e+02, 2.4017801e+02, 6.0059838e+02
2.3417197e+02, 5.9023090e+02, 2.3641849e+02, 5.8903992e+02
2.6565209e+02, 5.7135077e+02, 2.6801623e+02, 5.7017504e+02
2.5593591e+02, 5.8233757e+02, 2.5673217e+02, 5.7855792e+02
2.5430570e+02, 6.1512210e+02, 2.5422786e+02, 6.1270425e+02
2.4583263e+02, 6.1054607e+02, 2.4629424e+02, 6.0444652e+02
2.5264397e+02, 5.7370666e+02, 2.5464106e+02, 5.7320774e+02
2.5791556e+02, 6.1282413e+02, 2.5879278e+02, 6.1499041e+02
2.5352204e+02, 5.8738715e+02, 2.5442409e+02, 5.8556518e+02
2.3608075e+02, 6.0471657e+02, 2.3907368e+02, 6.0515858e+02
2.5877997e+02, 5.7428164e+02, 2.5878978e+02, 5.6601763e+02
2.4947349e+02, 5.6900727e+02, 2.5606081e+02, 5.6831133e+02
2.6368109e+02, 5.8788826e+02, 2.6488661e+02, 5.9075236e+02
2.6417436e+02, 5.8714146e+02, 2.6652716e+02, 5.8714610e+02
2.3887243e+02, 5.9479280e+02, 2.4026495e+02, 5.9117718e+02
2.3314792e+02, 5.9802537e+02, 2.3474530e+02, 5.9363898e+02
2.4475326e+02, 6.1554999e+02, 2.5127894e+02, 6.1114135e+02
2.5559965e+02, 6.1279736e+02, 2.5550225e+02, 6.0980981e+02
2.4034197e+02, 5.7533704e+02, 2.4077046e+02, 5.7232260e+02
2.3433162e+02, 6.1185462e+02, 2.3471510e+02, 6.0819798e+02
2.6248680e+02, 5.7977141e+02, 2.6436798e+02, 5.8351370e+02
2.5075525e+02, 5.9286441e+02, 2.5287054e+02, 5.9291118e+02
2.3167497e+02, 5.7252716e+02, 2.3439512e+02, 5.7383381e+02
2.3320570e+02, 5.9876521e+02, 2.4486767e+02, 5.8424563e+02
2.6703839e+02, 5.8726342e+02, 2.6737104e+02, 5.8377679e+02
2.4862619e+02, 5.7812182e+02, 2.4894988e+02, 5.7426577e+02
2.3844920e+02, 5.7184835e+02, 2.4212588e+02, 5.7233742e+02
2.5623879e+02, 5.8124332e+02, 2.5948259e+02, 5.8092396e+02
2.5153121e+02, 5.8576170e+02, 2.5166028e+02, 5.8330394e+02
2.6802756e+02, 5.7806858e+02, 2.6894155e+02, 5.8079476e+02
2.4062810e+02, 5.7385572e+02, 2.4287072e+02, 5.7446931e+02
2.5520492e+02, 5.9229723e+02, 2.5523865e+02, 5.8921403e+02
2.2958239e+02, 6.0059613e+02, 2.3175017e+02, 5.9410353e+02
2.6649532e+02, 5.7413271e+02, 2.6693947e+02, 5.7180575e+02
2.4211232e+02, 5.7244531e+02, 2.5507922e+02, 5.7341595e+02
2.4665123e+02, 5.8726572e+02, 2.4905582e+02, 5.8711603e+02
2.5159756e+02, 6.0068406e+02, 2.5379256e+02, 5.9409333e+02
2.3196015e+02, 5.9003753e+02, 2.3435114e+02, 5.8940202e+02
2.4848509e+02, 6.1266918e+02, 2.5137844e+02, 6.1261759e+02
2.3661654e+02, 5.8283453e+02, 2.3954352e+02, 5.8296458e+02
2.4612987e+02, 5.9442035e+02, 2.4908350e+02, 5.9177623e+02
2.5200809e+02, 5.9898114e+02, 2.5475173e+02, 5.9889248e+02
2.6038451e+02, 5.8790655e+02, 2.6204747e+02, 5.8444392e+02
2.3472537e+02, 6.0441872e+02, 2.3522304e+02, 6.0206947e+02
2.3693437e+02, 5.7586060e+02, 2.4012029e+02, 5.7660915e+02
2.4527008e+02, 5.7249736e+02, 2.4576383e+02, 5.6950283e+02
2.5420942e+02, 5.7826665e+02, 2.5684600e+02, 5.7729637e+02
2.5857674e+02, 5.8561032e+02, 2.6096342e+02, 5.8551051e+02
2.3707196e+02, 5.9941592e+02, 2.3936119e+02, 5.9992792e+02
2.3156920e+02, 5.9872722e+02, 2.3452641e+02, 5.8913891e+02
2.4276684e+02, 5.7478905e+02, 2.4378462e+02, 5.7298864e+02
2.5840976e+02, 5.7657910e+02, 2.6206821e+02, 5.7633329e+02
2.6556960e+02, 5.8373925e+02, 2.6849638e+02, 5.8386070e+02
2.4775595e+02, 6.1108890e+02, 2.5416586e+02, 6.0969669e+02
2.6046345e+02, 5.7255522e+02, 2.6424410e+02, 5.6989337e+02
2.3690530e+02, 5.8259301e+02, 2.3831830e+02, 5.7636707e+02
2.5901677e+02, 5.9752798e+02, 2.6172606e+02, 5.9710105e+02
2.6497357e+02, 5.7362596e+02, 2.6783267e+02, 5.7118710e+02
2.3404031e+02, 5.7058238e+02, 2.4423118e+02, 5.7274094e+02
2.5283895e+02, 5.7914221e+02, 2.5660110e+02, 5.7881373e+02
2.4966220e+02, 5.9556977e+02, 2.5169064e+02, 5.8957281e+02
2.4047004e+02, 6.0059076e+02, 2.4274520e+02, 6.0061833e+02
2.3629205e+02, 6.0045035e+02, 2.3747890e+02, 5.9642809e+02
2.6018899e+02, 5.8556668e+02, 2.6042055e+02, 5.8984499e+02
2.6295133e+02, 5.9695405e+02, 2.6546316e+02, 5.9685044e+02
2.4775386e+02, 5.8047299e+02, 2.5096660e+02, 5.7763425e+02
2.5126780e+02, 5.7922021e+02, 2.5045618e+02, 5.7340295e+02
2.5498847e+02, 6.0914329e+02, 2.5523041e+02, 6.0700270e+02
2.3745746e+02, 6.0402780e+02, 2.3960148e+02, 6.0443424e+02
2.6847332e+02, 5.7694883e+02, 2.6836937e+02, 5.7303418e+02
2.4436612e+02, 5.8459847e+02, 2.4783098e+02, 5.8122646e+02
2.6743368e+02, 5.8032209e+02, 2.6902662e+02, 5.8247111e+02
2.4419707e+02, 5.9313294e+02, 2.4428214e+02, 5.9054982e+02
2.4767182e+02, 5.8147216e+02, 2.5041966e+02, 5.8144851e+02
2.5222433e+02, 5.8983684e+02, 2.5317464e+02, 5.8782797e+02
2.2829724e+02, 6.0447331e+02, 2.3611995e+02, 5.9611237e+02
2.4702304e+02, 6.0030164e+02, 2.5189893e+02, 5.9921747e+02
2.6236477e+02, 5.7557327e+02, 2.6436394e+02, 5.7443294e+02
2.5291996e+02, 5.8108178e+02, 2.5369513e+02, 5.7910167e+02
2.4134785e+02, 5.8437878e+02, 2.4318354e+02, 5.8348513e+02
2.3095279e+02, 5.8929015e+02, 2.3443334e+02, 5.8682495e+02
2.4852498e+02, 5.9356913e+02, 2.4924047e+02, 5.9133342e+02
2.6014592e+02, 5.9732233e+02, 2.6357895e+02, 5.8575560e+02
2.5948716e+02, 6.0244611e+02, 2.6069857e+02, 5.9898113e+02
2.4447374e+02, 5.9936649e+02, 2.4611439e+02, 5.9742763e+02
2.4642873e+02, 5.9391211e+02, 2.4655738e+02, 5.9103355e+02
2.6789395e+02, 5.8279029e+02, 2.6746824e+02, 5.7956444e+02
2.3183328e+02, 5.7657898e+02, 2.3602042e+02, 5.7762590e+02
2.4112199e+02, 5.8649373e+02, 2.4153249e+02, 5.8430847e+02
2.3488722e+02, 5.9430886e+02, 2.3981592e+02, 5.8923518e+02
2.3826189e+02, 6.1500185e+02, 2.4519404e+02, 6.1220319e+02
2.4228942e+02, 6.0231361e+02, 2.4341831e+02, 6.0057059e+02
2.3750912e+02, 6.1359054e+02, 2.4217365e+02, 6.1102555e+02
2.3778353e+02, 5.9107152e+02, 2.3995208e+02, 5.8871106e+02
2.5092342e+02, 5.9274554e+02, 2.5172065e+02, 5.8999308e+02
2.3993934e+02, 5.8566543e+02, 2.4033337e+02, 5.7555008e+02
2.4152481e+02, 5.8894873e+02, 2.4804275e+02, 5.9038025e+02
2.4272649e+02, 5.8178730e+02, 2.4313338e+02, 5.7775735e+02
2.3400543e+02, 5.9816164e+02, 2.3579218e+02, 5.9596926e+02
2.5956960e+02, 5.8156880e+02, 2.6358190e+02, 5.8237776e+02
2.6339971e+02, 5.8950943e+02, 2.6478020e+02, 5.8431915e+02
2.4509973e+02, 5.7619150e+02, 2.4865059e+02, 5.7606181e+02
2.4406462e+02, 5.9555733e+02, 2.4592455e+02, 5.9442595e+02
2.3198976e+02, 6.1256851e+02, 2.3606131e+02, 6.1138751e+02
2.3360491e+02, 6.0789151e+02, 2.3718291e+02, 6.0865404e+02
2.3216873e+02, 6.1159251e+02, 2.3444459e+02, 6.1041701e+02
2.2954947e+02, 5.9695693e+02, 2.3084750e+02, 5.9441854e+02
2.5901928e+02, 5.9548243e+02, 2.5896680e+02, 5.9221805e+02
2.4761234e+02, 5.9923325e+02, 2.5204263e+02, 5.9850372e+02
2.3659009e+02, 6.1588230e+02, 2.4087262e+02, 6.1174977e+02
2.3850108e+02, 5.7450249e+02, 2.3892964e+02, 5.7210496e+02
2.4012282e+02, 6.0264117e+02, 2.4255179e+02, 6.0139757e+02
2.5798556e+02, 6.1242604e+02, 2.5961858e+02, 6.1037818e+02
2.5841237e+02, 5.7216681e+02, 2.5870174e+02, 5.7593501e+02
2.3135798e+02, 6.1150726e+02, 2.3221705e+02, 6.0770619e+02
2.5523802e+02, 5.8992779e+02, 2.5764862e+02, 5.8970063e+02
2.4379637e+02, 5.7328488e+02, 2.5015776e+02, 5.7438631e+02
2.4567201e+02, 5.9239797e+02, 2.4605810e+02, 5.9522474e+02
2.4118296e+02, 5.8249637e+02, 2.4375852e+02, 5.8164280e+02
2.5052294e+02, 5.8132462e+02, 2.5618216e+02, 5.8095980e+02
2.3793756e+02, 5.9756098e+02, 2.3981973e+02, 5.9834619e+02
2.5734232e+02, 5.9012633e+02, 2.6016277e+02, 5.8759497e+02
2.6373537e+02, 5.7374217e+02, 2.6425036e+02, 5.7156236e+02
2.3790343e+02, 5.7982317e+02, 2.3992851e+02, 5.7955544e+02
2.4213327e+02, 5.7012735e+02, 2.5584617e+02, 5.7176339e+02
2.4122365e+02, 5.9892359e+02, 2.4339748e+02, 5.9953763e+02
2.4462588e+02, 5.7777022e+02, 2.4855704e+02, 5.7752958e+02
2.3932713e+02, 5.8703909e+02, 2.4115712e+02, 5.8592457e+02
2.6530817e+02, 5.7753142e+02, 2.6816589e+02, 5.7782492e+02
2.4384333e+02, 6.0477761e+02, 2.4873955e+02, 5.9731139e+02
2.3059698e+02, 6.0768905e+02, 2.3361764e+02, 6.0759836e+02
2.5593657e+02, 6.1281954e+02, 2.5621826e+02, 6.1504743e+02
2.6840228e+02, 5.8284889e+02, 2.6876995e+02, 5.8576911e+02
2.4129960e+02, 6.0866640e+02, 2.4587671e+02, 6.0844061e+02
2.3179979e+02, 5.7496692e+02, 2.3662785e+02, 5.7556170e+02
2.6239800e+02, 5.7767889e+02, 2.6263293e+02, 5.7970016e+02
2.6108176e+02, 5.8874926e+02, 2.6480991e+02, 5.8350358e+02
2.6609557e+02, 5.8911000e+02, 2.6702139e+02, 5.8543082e+02
2.4229948e+02, 5.9749008e+02, 2.4565572e+02, 5.9272739e+02
2.5518126e+02, 6.1289143e+02, 2.5823945e+02, 6.1258084e+02
2.3560457e+02, 5.8706736e+02, 2.3807222e+02, 5.8311148e+02
2.5284635e+02, 5.7036688e+02, 2.5527722e+02, 5.7248176e+02
2.5175826e+02, 6.0171088e+02, 2.5731636e+02, 6.0042871e+02
